19.5008 14.9361 31.4607
18.8128 15.0201 32.8307
18.7078 16.0851 33.0527
19.5428 14.3631 34.0117
19.7008 13.3021 33.7997
18.7438 14.4971 35.2987
18.6778 15.5491 35.5937
17.3498 13.9361 35.1097
17.4008 12.8591 34.9247
16.6428 14.6231 33.9447
15.6508 14.1481 33.8157
17.4488 14.4391 32.7227
16.5168 16.0551 34.2477
15.1728 16.5901 34.0127
14.4418 15.8061 33.7997
15.2308 17.5711 32.8307
15.9978 18.3161 33.0537
13.9258 18.2761 32.7227
13.5678 19.0201 33.9457
12.5768 19.4991 33.8177
13.4708 18.0381 35.1107
12.6608 17.3271 34.9257
14.7808 17.2991 35.2977
15.5618 18.0051 35.5937
14.5568 16.3261 36.3307
13.2158 18.7551 36.3287
14.6088 20.0111 34.2487
14.1888 21.3961 34.0127
13.1198 21.4791 33.8017
14.9918 21.9621 32.8317
16.0528 21.8271 33.0537
14.7288 23.4221 32.7237
15.0878 24.1661 33.9467
14.8458 25.2391 33.8177
14.2618 23.6291 35.1107
13.1998 23.8181 34.9267
14.4998 22.1441 35.2987
15.5388 21.9741 35.5937
13.5998 21.7121 36.3317
14.6628 24.2761 36.3297
16.5118 23.9691 34.2487
17.3328 25.1601 34.0127
16.7318 26.0481 33.8007
18.2758 24.8851 32.8317
18.8318 23.9721 33.0537
19.2538 26.0011 32.7227
20.0598 26.1851 33.9447
20.7468 27.0441 33.8167
19.1238 26.4971 35.1097
18.6108 27.4451 34.9247
18.1128 25.3861 35.2977
18.6268 24.4671 35.5937
17.2128 25.8201 36.3307
19.8808 26.5871 36.3287
20.7928 24.9491 34.2477
22.2368 25.0511 34.0117
22.5558 26.0741 33.7987
22.6088 24.1411 32.8307
22.2428 23.1371 33.0537
24.0918 24.0731 32.7217
24.7378 23.5581 33.9447
25.8378 23.5561 33.8147
24.3988 24.4841 35.1087
24.8198 25.4761 34.9237
22.8988 24.5821 35.2977
22.5008 23.6071 35.5927
22.6768 25.5561 36.3307
24.9398 23.9491 36.3277
24.2288 22.2141 34.2477
25.2088 21.1471 34.0117
26.2068 21.5371 33.7997
24.7298 20.2891 32.8317
23.7168 19.9501 33.0527
25.6008 19.0871 32.7227
25.5998 18.2621 33.9457
26.2848 17.4001 33.8177
26.1128 19.1051 35.1107
27.1508 19.3941 34.9257
25.2538 20.3381 35.2987
24.2438 20.0401 35.5937
25.8768 21.1191 36.3317
26.0318 18.3481 36.3287
24.2318 17.8211 34.2487
24.0098 16.3911 34.0127
24.9368 15.8531 33.8007
23.0398 16.2301 32.8307
22.1428 16.8121 33.0537
22.6438 14.8011 32.7237
21.9968 14.2851 33.9457
21.7498 13.2131 33.8177
20.8008 15.0811 34.2487
22.9758 14.4101 35.1107
23.8488 13.7791 34.9257
23.4048 15.8501 35.2987
22.5428 16.4551 35.5937
24.4028 15.8501 36.3327
22.3328 14.0021 36.3287
23.5348 16.7151 31.4607
24.9588 16.5761 31.3557
24.6598 20.9781 31.4607
25.6548 22.0041 31.3547
22.0258 24.5151 31.4597
21.8448 25.9331 31.3537
17.6198 24.6631 31.4607
16.3978 25.4041 31.3557
14.7568 21.3101 31.4617
13.4138 20.8171 31.3557
15.5938 16.9811 31.4607
15.1418 15.6251 31.3547
16.6288 14.1821 36.3287
19.3658 13.7161 36.3317
20.2798 13.7381 31.3547
20.1628 15.7951 31.3287
18.7538 14.9591 30.6637
13.9788 16.7481 36.9827
13.4308 19.6951 36.2137
13.5698 22.4281 36.9837
15.5308 24.6941 36.2137
17.7538 26.2891 36.9817
20.7498 26.1691 36.2127
23.3808 25.4261 36.9817
25.1548 23.0091 36.2127
26.2148 20.4871 36.9827
25.4308 17.5941 36.2137
24.1198 15.1931 36.9827
21.3688 14.0011 36.2137
23.2768 17.7681 31.3277
23.0518 16.1451 30.6637
25.3648 17.3911 31.6777
23.6758 21.4321 31.3287
24.8038 20.2441 30.6637
25.2708 22.8311 31.6757
21.0568 24.0291 31.3277
22.6888 24.1701 30.6627
20.9588 26.1481 31.6767
17.3948 23.6011 31.3287
18.3028 24.9661 30.6637
15.6768 24.8471 31.6777
15.4458 20.4731 31.3287
14.9438 22.0341 30.6637
13.4018 19.9061 31.6767
16.6778 16.9991 31.3277
15.1458 17.5791 30.6637
15.8468 15.0471 31.6767
16.0278 14.9371 36.2127
18.6748 13.5281 36.9817
21.1708 13.9281 31.6767
